# VFL Odd/Even binary chains (1=odd, 0=even)
# Fixture order within MD: alphabetical by home_team
# --- = end of matchday | === = end of season

=== SEASON VFLM 5402 ===
  MD01 | 01001111 | 0 1 0 0 1 1 1 1
  MD02 | 00011010 | 0 0 0 1 1 0 1 0
  MD03 | 11110001 | 1 1 1 1 0 0 0 1
  MD04 | 11110010 | 1 1 1 1 0 0 1 0
  MD05 | 00010010 | 0 0 0 1 0 0 1 0
  MD06 | 11011001 | 1 1 0 1 1 0 0 1
  MD07 | 11101010 | 1 1 1 0 1 0 1 0
  MD08 | 01111110 | 0 1 1 1 1 1 1 0
  MD09 | 01100011 | 0 1 1 0 0 0 1 1
  MD10 | 10110011 | 1 0 1 1 0 0 1 1
  MD11 | 01001101 | 0 1 0 0 1 1 0 1
  MD12 | 10001110 | 1 0 0 0 1 1 1 0
  MD13 | 10001101 | 1 0 0 0 1 1 0 1
  MD14 | 10110111 | 1 0 1 1 0 1 1 1
  MD15 | 01101100 | 0 1 1 0 1 1 0 0
  MD16 | 11101011 | 1 1 1 0 1 0 1 1
  MD17 | 01011001 | 0 1 0 1 1 0 0 1
  MD18 | 10111001 | 1 0 1 1 1 0 0 1
  MD19 | 00010101 | 0 0 0 1 0 1 0 1
  MD20 | 00100001 | 0 0 1 0 0 0 0 1
  MD21 | 01100101 | 0 1 1 0 0 1 0 1
  MD22 | 11011001 | 1 1 0 1 1 0 0 1
  MD23 | 01001000 | 0 1 0 0 1 0 0 0
  MD24 | 10100011 | 1 0 1 0 0 0 1 1
  MD25 | 11101010 | 1 1 1 0 1 0 1 0
  MD26 | 01101000 | 0 1 1 0 1 0 0 0
  MD27 | 11110110 | 1 1 1 1 0 1 1 0
  MD28 | 00000011 | 0 0 0 0 0 0 1 1
  MD29 | 00010000 | 0 0 0 1 0 0 0 0
  MD30 | 11101001 | 1 1 1 0 1 0 0 1
  SEASON_CHAIN: 010011110001101011110001111100100001001011011001111010100111111001100011101100110100110110001110100011011011011101101100111010110101100110111001000101010010000101100101110110010100100010100011111010100110100011110110000000110001000011101001
  SEASON_LEN: 240 bits (30 MDs)

=== SEASON VFLM 5403 ===
  MD01 | 10001010 | 1 0 0 0 1 0 1 0
  MD02 | 10001011 | 1 0 0 0 1 0 1 1
  MD03 | 11000000 | 1 1 0 0 0 0 0 0
  MD04 | 01010101 | 0 1 0 1 0 1 0 1
  MD05 | 11011110 | 1 1 0 1 1 1 1 0
  MD06 | 11000011 | 1 1 0 0 0 0 1 1
  MD07 | 11010100 | 1 1 0 1 0 1 0 0
  MD08 | 10101101 | 1 0 1 0 1 1 0 1
  MD09 | 11001011 | 1 1 0 0 1 0 1 1
  MD10 | 01011100 | 0 1 0 1 1 1 0 0
  MD11 | 01101000 | 0 1 1 0 1 0 0 0
  MD12 | 00011110 | 0 0 0 1 1 1 1 0
  MD13 | 01101110 | 0 1 1 0 1 1 1 0
  MD14 | 00100000 | 0 0 1 0 0 0 0 0
  MD15 | 11001000 | 1 1 0 0 1 0 0 0
  MD16 | 01110110 | 0 1 1 1 0 1 1 0
  MD17 | 10100101 | 1 0 1 0 0 1 0 1
  MD18 | 01011010 | 0 1 0 1 1 0 1 0
  MD19 | 00000100 | 0 0 0 0 0 1 0 0
  MD20 | 00011011 | 0 0 0 1 1 0 1 1
  MD21 | 00100110 | 0 0 1 0 0 1 1 0
  MD22 | 11010110 | 1 1 0 1 0 1 1 0
  MD23 | 01111000 | 0 1 1 1 1 0 0 0
  MD24 | 00100010 | 0 0 1 0 0 0 1 0
  MD25 | 00101011 | 0 0 1 0 1 0 1 1
  MD26 | 00000000 | 0 0 0 0 0 0 0 0
  MD27 | 10100101 | 1 0 1 0 0 1 0 1
  MD28 | 10111011 | 1 0 1 1 1 0 1 1
  MD29 | 00000000 | 0 0 0 0 0 0 0 0
  MD30 | 01101101 | 0 1 1 0 1 1 0 1
  SEASON_CHAIN: 100010101000101111000000010101011101111011000011110101001010110111001011010111000110100000011110011011100010000011001000011101101010010101011010000001000001101100100110110101100111100000100010001010110000000010100101101110110000000001101101
  SEASON_LEN: 240 bits (30 MDs)

=== SEASON VFLM 5404 ===
  MD01 | 10110011 | 1 0 1 1 0 0 1 1
  MD02 | 11010011 | 1 1 0 1 0 0 1 1
  MD03 | 11100100 | 1 1 1 0 0 1 0 0
  MD04 | 01011010 | 0 1 0 1 1 0 1 0
  MD05 | 11010010 | 1 1 0 1 0 0 1 0
  MD06 | 10100000 | 1 0 1 0 0 0 0 0
  MD07 | 01111101 | 0 1 1 1 1 1 0 1
  MD08 | 00001011 | 0 0 0 0 1 0 1 1
  MD09 | 01101111 | 0 1 1 0 1 1 1 1
  MD10 | 10001111 | 1 0 0 0 1 1 1 1
  MD11 | 01110001 | 0 1 1 1 0 0 0 1
  MD12 | 00101101 | 0 0 1 0 1 1 0 1
  MD13 | 10111000 | 1 0 1 1 1 0 0 0
  MD14 | 11101101 | 1 1 1 0 1 1 0 1
  MD15 | 01000001 | 0 1 0 0 0 0 0 1
  MD16 | 11110110 | 1 1 1 1 0 1 1 0
  MD17 | 01000010 | 0 1 0 0 0 0 1 0
  MD18 | 10001100 | 1 0 0 0 1 1 0 0
  MD19 | 11001001 | 1 1 0 0 1 0 0 1
  MD20 | 10001101 | 1 0 0 0 1 1 0 1
  MD21 | 01111010 | 0 1 1 1 1 0 1 0
  MD22 | 10011011 | 1 0 0 1 1 0 1 1
  MD23 | 00101011 | 0 0 1 0 1 0 1 1
  MD24 | 01100011 | 0 1 1 0 0 0 1 1
  MD25 | 10110000 | 1 0 1 1 0 0 0 0
  MD26 | 01101100 | 0 1 1 0 1 1 0 0
  MD27 | 10101101 | 1 0 1 0 1 1 0 1
  MD28 | 11000011 | 1 1 0 0 0 0 1 1
  MD29 | 11000100 | 1 1 0 0 0 1 0 0
  MD30 | 11001000 | 1 1 0 0 1 0 0 0
  SEASON_CHAIN: 101100111101001111100100010110101101001010100000011111010000101101101111100011110111000100101101101110001110110101000001111101100100001010001100110010011000110101111010100110110010101101100011101100000110110010101101110000111100010011001000
  SEASON_LEN: 240 bits (30 MDs)

=== GLOBAL (last N seasons concatenated) ===
LEN=720
0100111100011010111100011111001000010010110110011110101001111110
0110001110110011010011011000111010001101101101110110110011101011
0101100110111001000101010010000101100101110110010100100010100011
1110101001101000111101100000001100010000111010011000101010001011
1100000001010101110111101100001111010100101011011100101101011100
0110100000011110011011100010000011001000011101101010010101011010
0000010000011011001001101101011001111000001000100010101100000000
1010010110111011000000000110110110110011110100111110010001011010
1101001010100000011111010000101101101111100011110111000100101101
1011100011101101010000011111011001000010100011001100100110001101
0111101010011011001010110110001110110000011011001010110111000011
1100010011001000